12549.71753 0.0003974909707 7.212e-06
12549.71763 -0.0001359664401 7.33e-06
12549.71772 -0.000137234752 4.417e-06
12549.71781 -0.0003898521193 1.0877e-05
12549.71791 -0.0001588179442 8.448e-06
12549.718 -4.334875426e-05 3.059e-06
12549.71809 -0.0003426274664 5.541e-06
12549.71818 2.198092796e-06 7.713e-06
12549.71827 2.560067377e-05 3.479e-06
12549.71837 -0.0002436171527 5.427e-06
12549.71846 -5.318811782e-05 1.0224e-05
12549.71855 6.127674453e-05 6.101e-06
12549.71864 0.0001096605095 6.071e-06
12549.71874 -5.3421389e-05 4.436e-06
12549.71883 0.0001060642022 2.913e-06
12549.71892 7.017291352e-05 4.68e-06
12549.71901 -1.720836802e-05 3.656e-06
12549.7191 6.269494396e-05 4.414e-06
12549.7192 4.135608065e-05 3.318e-06
12549.71929 -1.952864563e-05 2.682e-06
12549.71939 7.191277758e-05 5.897e-06
12549.71947 -0.0001745436759 6.377e-06
12549.71957 0.0002567061369 4.399e-06
12549.71966 5.046101346e-05 2.088e-06
12549.71976 1.550806757e-05 6.827e-06
12549.71985 8.464008215e-05 3.814e-06
12549.71994 7.733612382e-05 5.237e-06
12549.72004 6.872233099e-05 3.615e-06
12549.72012 2.40203106e-05 2.803e-06
12549.72022 -0.000273149686 5.252e-06
12549.72031 0.0001815481118 6.019e-06
12549.7204 -0.0003086713108 3.614e-06
12549.72049 4.75477527e-05 7.336e-06
12549.72059 0.0001578438602 3.945e-06
12549.72068 -0.0001864079877 6.383e-06
12549.72077 0.0001290795173 6.403e-06
12549.72087 0.0002411279908 3.527e-06
12549.72096 7.761057909e-05 5.297e-06
12549.72105 0.0002272168412 1.3908e-05
12549.72114 2.341597644e-05 4.728e-06
12549.72124 1.860970015e-06 5.077e-06
12549.72132 4.082154505e-05 3.614e-06
12549.72142 4.929594385e-05 3.183e-06
12549.72152 3.545165914e-05 3.113e-06
12549.72161 -0.0001816412399 7.514e-06
12549.7217 0.0001568822739 4.102e-06
12549.7218 -0.0001664500889 7.245e-06
12549.72188 0.0002026412246 5.297e-06
12549.72198 -0.0002882882568 7.061e-06
12549.72207 -0.0002267911401 5.412e-06
12549.72216 3.741560978e-05 5.875e-06
12549.72225 -0.0001781581719 3.7e-06
12549.72234 -0.0002141933679 7.619e-06
12549.72244 -0.0002878545038 4.779e-06
12549.72253 -0.0001622738645 4.68e-06
12549.72263 8.585091688e-05 4.687e-06
12549.72272 0.0003822332932 3.537e-06
12549.72281 4.748285109e-05 4.562e-06
12549.7229 0.0003705920751 5.048e-06
12549.723 0.0002095201406 4.481e-06
12549.72309 9.156643318e-05 3.531e-06
12549.72318 0.0002368946729 5.375e-06
12549.72327 0.0002528001478 6.419e-06
12549.72336 -1.451357473e-05 4.67e-06
12549.72346 -0.0001123157166 3.339e-06
12549.72355 6.873492317e-05 4.702e-06
12549.72364 -0.0001803242518 6.269e-06
12549.72373 9.989665383e-05 7.757e-06
12549.72383 -4.149181456e-05 4.473e-06
12549.72392 6.706359394e-05 9.541e-06
12549.72401 -0.0002034010385 3.572e-06
12549.72411 -2.525971033e-05 4.759e-06
12549.7242 -0.0002165279302 6.42e-06
12549.72429 0.0002074575287 7.749e-06
12549.72438 2.650482809e-05 3.515e-06
12549.72447 7.527619734e-05 5.367e-06
12549.72457 2.67589734e-05 7.204e-06
12549.72466 -0.0002401069371 4.604e-06
12549.72475 9.073537216e-05 4.096e-06
12549.72485 0.0001136369064 4.15e-06
12549.72494 0.0001205191848 3.81e-06
12549.72503 0.0001685775165 5.135e-06
12549.72512 7.048963607e-05 4.832e-06
12549.72522 0.0002913835443 2.522e-06
12549.72531 1.724926307e-05 6.93e-06
12549.7254 -6.910591412e-05 1.3467e-05
12549.72549 -0.0001173913563 2.89e-06
12549.72559 -6.457956858e-05 7.652e-06
12549.72568 -0.0003047293505 5.136e-06
12549.72577 2.175541148e-05 9.443e-06
12549.72587 -0.000337192205 2.146e-06
12549.72596 -0.0004179390348 2.197e-06
12549.72605 -8.172778742e-05 6.284e-06
12549.72614 -9.893964415e-05 2.542e-06
12549.72623 -0.0001112027759 5.258e-06
12549.72633 7.474071395e-05 3.37e-06
12549.72642 4.341327657e-05 4.76e-06
12549.72651 -2.036850763e-05 3.218e-06
12549.72661 0.0001685969689 6e-06
12549.7267 1.066612781e-05 4.961e-06
12549.72679 4.916851835e-06 3.513e-06
12549.72688 5.003247329e-05 3.841e-06
12549.72697 -0.000133700029 7.059e-06
12549.72707 3.328533104e-05 4.247e-06
12549.72716 -6.455146492e-06 6.089e-06
12549.72726 5.993099219e-06 4.287e-06
12549.72734 -7.12663749e-05 3.635e-06
12549.72744 0.0001219436578 4.343e-06
12549.72753 0.0001652764032 4.527e-06
12549.72762 -2.77733839e-05 6.851e-06
12549.72771 -0.0002273155433 6.75e-06
12549.72781 2.893766802e-05 6.496e-06
12549.7279 0.0001206980704 5.201e-06
12549.728 8.350273257e-06 2.777e-06
12549.72808 -0.0002140652121 1.0903e-05
12549.72818 -4.361309968e-05 4.038e-06
12549.72827 8.031241316e-05 1.1388e-05
12549.72836 -0.0001257317093 6.528e-06
12549.72846 -2.282495225e-05 6.19e-06
12549.72855 6.501818601e-06 4.851e-06
12549.72864 0.0002963405513 5.685e-06
12549.72873 2.825726177e-05 4.748e-06
12549.72882 0.00032603412 2.051e-06
12549.72892 9.223765482e-05 3.351e-06
12549.72901 0.0001867495379 5.597e-06
12549.7291 -6.459150632e-05 6.871e-06
12549.7292 4.981623991e-05 5.76e-06
12549.7293 0.000114548282 2.881e-06
12549.72938 5.963973914e-05 6.307e-06
12549.72947 -5.161192947e-05 3.189e-06
12549.72957 0.0001083230309 1.3014e-05
12549.72966 8.623057774e-05 3.977e-06
12549.72975 7.253674471e-05 3.821e-06
12549.72984 0.0002096824849 8.329e-06
12549.72994 -9.455111298e-05 5.09e-06
12549.73004 7.497330813e-05 2.496e-06
12549.73012 -0.0001357935121 6.937e-06
12549.73021 -9.812406383e-05 4.937e-06
12549.73031 0.0001784885291 8.637e-06
12549.7304 8.286399866e-05 4.86e-06
12549.73049 -4.185743898e-05 6.965e-06
12549.73059 4.311151569e-05 3.913e-06
12549.73068 5.738828973e-05 4.719e-06
12549.73077 -0.0001607771332 4.456e-06
12549.73086 -0.0001306001197 2.261e-06
12549.73095 0.0001192252372 2.558e-06
12549.73105 -8.345557835e-05 5.433e-06
12549.73114 3.920342792e-05 5.844e-06
12549.73123 -6.588209149e-05 7.147e-06
12549.73133 -0.0003091724027 8.206e-06
12549.73142 9.439045117e-06 5.223e-06
12549.73151 -0.0001068009529 3.727e-06
12549.7316 1.519536188e-05 5.465e-06
12549.73169 0.0001740774538 5.599e-06
12549.73179 4.276536626e-05 4.181e-06
12549.73188 -0.0001538137504 2.703e-06
12549.73198 -0.0002518949285 1.0326e-05
12549.73206 0.0001668468822 4.035e-06
12549.73216 -0.0001083295031 3.34e-06
12549.73225 0.000188440816 5.049e-06
12549.73235 0.0002599532031 6.962e-06
12549.73243 -5.459435693e-05 1.324e-06
12549.73252 0.0002046624719 4.548e-06
12549.73262 -0.0003101996128 3.08e-06
12549.73271 -1.84460479e-08 3.07e-06
12549.73281 -9.66756477e-05 4.033e-06
12549.7329 0.0002676630447 3.911e-06
12549.73299 0.000124500411 2.953e-06
12549.73309 -6.126531328e-06 3.373e-06
12549.73318 0.0002557185086 5.763e-06
12549.73327 0.0003040018521 4.155e-06
12549.73337 -0.0001270349544 2.436e-06
12549.73345 6.673224821e-05 4.595e-06
12549.73355 -3.320447049e-05 1.0565e-05
12549.73364 0.0001038166568 4.175e-06
12549.73373 -0.0001269811781 5.307e-06
12549.73383 3.435011458e-05 8.031e-06
12549.73392 -0.0002498040858 3.431e-06
12549.73401 -7.089077603e-05 3.479e-06
12549.7341 -0.0003163917136 3.958e-06
12549.73419 -9.297424763e-05 5.614e-06
12549.73429 -3.703614768e-05 2.932e-06
12549.73438 7.020825285e-05 4.654e-06
12549.73448 -5.165943221e-05 2.697e-06
12549.73457 -5.747864215e-05 2.035e-06
12549.73466 -0.0003538677208 4.359e-06
12549.73475 -0.0001710917048 2.164e-06
12549.73485 -0.0001795311027 4.056e-06
12549.73494 -3.618215896e-05 3.603e-06
12549.73504 -6.656297164e-05 5.958e-06
12549.73513 0.0001060461263 4.987e-06
12549.73521 8.576633718e-05 4.521e-06
12549.73531 -0.0001733827586 4.53e-06
12549.7354 -3.909201217e-05 4.236e-06
12549.7355 0.0001577870149 3.772e-06
12549.73559 -3.819724556e-05 3.294e-06
12549.73567 0.0001304577061 7.392e-06
12549.73577 3.644059626e-05 2.872e-06
12549.73586 0.0001402173192 4.948e-06
12549.73595 0.0001980006017 3.077e-06
12549.73604 -9.198661937e-05 2.717e-06
12549.73614 -0.0001012615917 5.324e-06
12549.73624 -8.985086904e-05 3.636e-06
12549.73633 3.226270195e-05 4.192e-06
12549.73641 -4.865874835e-05 3.055e-06
12549.73651 0.000118874236 4.705e-06
12549.73661 0.0002410512869 1.5295e-05
12549.7367 -2.075356192e-05 4.461e-06
12549.73679 -0.0001106217981 6.94e-06
12549.73688 -0.0002196200992 5.726e-06
12549.73698 -1.697182467e-05 7.06e-06
12549.73707 -3.990562919e-05 7.598e-06
12549.73716 -0.0001039688869 1.2534e-05
12549.73725 5.469652037e-05 3.326e-06
12549.73735 0.0002202901742 4.502e-06
12549.73743 -0.0001156898555 3.934e-06
12549.73753 -0.0003048824876 1.744e-06
12549.73763 0.0001579348488 3.907e-06
12549.73771 -0.0001672149169 3.593e-06
12549.73781 -3.470420312e-05 5.135e-06
12549.7379 8.503901492e-05 6.276e-06
12549.73799 -3.021008272e-05 4.632e-06
12549.73808 0.0004457501453 9.138e-06
12549.73818 -0.000621226035 4.255e-06
12549.73827 0.0001116550604 4.99e-06
12549.73837 4.278739128e-05 6.884e-06
12549.73846 -1.868638334e-06 4.569e-06
12549.73855 -8.391325203e-05 4.19e-06
12549.73864 3.991003402e-05 5.421e-06
12549.73873 -1.688232545e-05 2.15e-06
12549.73883 -0.000248207249 3.65e-06
12549.73892 -0.0002882908971 8.277e-06
12549.73901 -0.0001969844674 3.108e-06
12549.73911 8.014226083e-05 7.751e-06
12549.7392 0.0002016281186 2.968e-06
12549.73929 -2.119934299e-05 8.157e-06
12549.73939 4.358983783e-05 8.017e-06
12549.73947 7.515370571e-05 9.352e-06
12549.73956 -8.728872236e-05 1.4604e-05
12549.73966 0.0001027397098 4.952e-06
12549.73975 0.0001275609867 4.936e-06
12549.73985 2.358658011e-05 2.123e-06
12549.73994 0.0001434682895 3.255e-06
12549.74003 0.0001627815953 3.243e-06
12549.74012 0.000182903057 6.488e-06
12549.74022 -0.0001491351478 5.124e-06
12549.74031 -8.543992921e-05 6.561e-06
12549.7404 6.548438166e-05 6.059e-06
12549.74049 0.0002090375082 4.79e-06
12549.74059 7.677572687e-05 5.909e-06
12549.71758 0.0001233117156 8.072e-06
12549.71776 -0.0002563145785 7.49e-06
12549.71795 -9.842230339e-05 4.861e-06
12549.71813 -0.0001748042294 6.567e-06
12549.71832 -0.0001075795005 3.955e-06
12549.7185 1.462083564e-06 4.21e-06
12549.71869 3.566994735e-05 2.749e-06
12549.71887 9.176759346e-05 3.394e-06
12549.71905 2.357304136e-05 2.445e-06
12549.71924 1.290500881e-05 2.47e-06
12549.71943 -6.486632164e-05 4.133e-06
12549.71961 0.000161531248 2.174e-06
12549.71981 5.3045367e-05 4.996e-06
12549.71999 7.550062377e-05 4.049e-06
12549.72017 -0.0001207685182 2.325e-06
12549.72035 -5.135543619e-05 2.48e-06
12549.72054 0.0001019948999 5.232e-06
12549.72072 -4.297301892e-05 3.207e-06
12549.72091 0.0001629248724 3.453e-06
12549.7211 0.000111438648 4.403e-06
12549.72129 2.224921555e-05 2.356e-06
12549.72147 4.420414772e-05 2.457e-06
12549.72166 -1.634275636e-05 5.276e-06
12549.72184 2.685801955e-05 4.724e-06
12549.72203 -0.0002564580797 3.38e-06
12549.72221 -5.710527634e-05 3.332e-06
12549.72239 -0.0002478962578 4.924e-06
12549.72258 -4.056915453e-05 1.626e-06
12549.72276 0.000215972504 2.362e-06
12549.72295 0.0002906449632 3.93e-06
12549.72314 0.0001672463581 4.127e-06
12549.72332 0.0001214668039 4.886e-06
12549.7235 -2.084558749e-05 3.243e-06
12549.72369 -5.248509877e-05 3.698e-06
12549.72388 1.561514741e-05 5.136e-06
12549.72406 -0.0001084005871 3.829e-06
12549.72424 -1.440536664e-05 2.35e-06
12549.72443 5.136562041e-05 3.717e-06
12549.72462 -0.0001090430814 4.77e-06
12549.7248 0.0001044550454 3.487e-06
12549.72498 0.0001446786744 2.182e-06
12549.72517 0.0001836279437 3.102e-06
12549.72536 -3.092478914e-05 8.779e-06
12549.72554 -9.196328454e-05 3.171e-06
12549.72573 -0.0001600802977 6.51e-06
12549.72591 -0.0003744443961 1.618e-06
12549.72609 -8.928002279e-05 3.296e-06
12549.72628 -2.842305331e-05 3.449e-06
12549.72647 1.104226948e-05 2.606e-06
12549.72665 8.800334534e-05 4.658e-06
12549.72684 2.894182152e-05 1.634e-06
12549.72702 -5.428429049e-05 2.264e-06
12549.72721 4.537842795e-07 3.957e-06
12549.72739 2.014435892e-05 2.743e-06
12549.72758 7.992821778e-05 4.401e-06
12549.72776 -0.0001173895952 1.715e-06
12549.72795 6.205008146e-05 2.543e-06
12549.72813 -0.0001339326675 6.553e-06
12549.72832 -1.809830423e-05 8.705e-06
12549.72851 -6.092951034e-06 3.474e-06
12549.72868 0.0001788389226 1.968e-06
12549.72887 0.0002015553429 2.459e-06
12549.72906 7.48303048e-05 2.569e-06
12549.72924 8.32615788e-05 2.872e-06
12549.72942 5.278479363e-07 3.184e-06
12549.72962 9.509082207e-05 4.1e-06
12549.7298 0.0001493523575 3.894e-06
12549.72998 -8.004276307e-06 3.565e-06
12549.73016 -0.0001184117955 2.928e-06
12549.73036 0.0001373627332 4.665e-06
12549.73054 -5.309460448e-06 2.443e-06
12549.73073 -5.587943481e-05 4.426e-06
12549.73091 2.559724109e-06 1.658e-06
12549.7311 -2.753476333e-05 2.573e-06
12549.73128 -0.0001728013288 4.475e-06
12549.73146 -4.812809316e-05 2.924e-06
12549.73165 8.746865177e-05 2.611e-06
12549.73183 -5.409549812e-05 1.576e-06
12549.73202 -2.12532761e-05 6.145e-06
12549.7322 4.47317328e-05 2.854e-06
12549.73239 0.0001087359338 3.323e-06
12549.73257 -7.221710573e-05 2.8e-06
12549.73276 -4.672284697e-05 2.113e-06
12549.73295 0.0001896890001 3.168e-06
12549.73314 0.0001306814783 2.676e-06
12549.73332 7.490441359e-05 3.298e-06
12549.7335 1.210283306e-05 6.267e-06
12549.73368 -1.498751781e-05 3.696e-06
12549.73387 -0.0001031305359 4.144e-06
12549.73406 -0.0001892019832 2.732e-06
12549.73424 -6.388934483e-05 2.911e-06
12549.73443 5.435321185e-06 2.737e-06
12549.73461 -0.0002111960007 1.964e-06
12549.7348 -0.0001764317568 2.134e-06
12549.73499 -5.166319979e-05 4.442e-06
12549.73517 9.550889133e-05 4.203e-06
12549.73536 -0.0001094711477 4e-06
12549.73555 5.118377857e-05 3.241e-06
12549.73572 8.404946988e-05 4.603e-06
12549.73591 0.000170116291 3.635e-06
12549.73609 -9.73128605e-05 2.118e-06
12549.73628 -3.202721381e-05 2.73e-06
12549.73646 3.048194841e-05 1.878e-06
12549.73666 9.387764042e-05 7.219e-06
12549.73683 -0.0001694889322 2.257e-06
12549.73703 -3.000623732e-05 6.9e-06
12549.73721 -1.819439291e-05 5.966e-06
12549.73739 6.972650193e-05 3.162e-06
12549.73758 -6.484553778e-05 2.356e-06
12549.73776 -0.0001053763437 3.739e-06
12549.73795 2.844578458e-05 4.085e-06
12549.73813 -5.16604918e-05 1.845e-06
12549.73832 7.729647563e-05 3.968e-06
12549.7385 -5.004573709e-05 3.587e-06
12549.73869 1.184780766e-05 3.11e-06
12549.73887 -0.0002717259798 5.524e-06
12549.73906 -6.870698035e-05 3.683e-06
12549.73925 9.315027302e-05 3.962e-06
12549.73943 5.862889114e-05 8.01e-06
12549.73961 1.123972743e-05 8.495e-06
12549.7398 7.273300798e-05 2.523e-06
12549.73998 0.0001518832945 2.303e-06
12549.74018 1.233271925e-05 5.956e-06
12549.74036 -6.382683907e-06 2.845e-06
12549.74054 0.0001379466897 2.698e-06
12549.71767 -7.615829285e-05 7.694e-06
12549.71805 -0.0001353750527 5.63e-06
12549.71841 -5.276327156e-05 3.703e-06
12549.71878 6.681062981e-05 2.712e-06
12549.71915 2.027931355e-05 1.739e-06
12549.71953 6.174327202e-05 2.691e-06
12549.7199 6.569387533e-05 4.406e-06
12549.72026 -8.604978537e-05 1.457e-06
12549.72063 3.297635635e-05 2.553e-06
12549.72101 0.0001409163737 1.622e-06
12549.72138 3.512830953e-05 1.789e-06
12549.72175 7.431570837e-06 1.409e-06
12549.72212 -0.0001570118407 1.963e-06
12549.72248 -0.0001492226548 2.734e-06
12549.72286 0.0002551202763 1.839e-06
12549.72323 0.0001446614176 3.126e-06
12549.7236 -3.605259687e-05 2.995e-06
12549.72397 -4.784923141e-05 4.207e-06
12549.72434 1.939199393e-05 1.47e-06
12549.72471 3.745087283e-06 3.535e-06
12549.72508 0.0001642020597 1.965e-06
12549.72546 -6.316467949e-05 3.378e-06
12549.72583 -0.0002709746189 3.851e-06
12549.72618 -5.539553275e-05 1.375e-06
12549.72656 5.235079524e-05 1.724e-06
12549.72693 -1.332861668e-05 1.243e-06
12549.7273 9.459904057e-06 2.612e-06
12549.72767 -2.974193097e-05 2.234e-06
12549.72804 -4.094662042e-05 3.379e-06
12549.72841 -1.285097153e-05 5.057e-06
12549.72877 0.0001891198993 1.24e-06
12549.72915 7.83550372e-05 2.335e-06
12549.72952 4.398832684e-05 3.162e-06
12549.72989 7.008491142e-05 9.11e-07
12549.73026 8.858323018e-06 3.409e-06
12549.73064 -3.263445303e-05 2.14e-06
12549.73101 -1.467706267e-05 1.55e-06
12549.73137 -0.0001101949438 3.532e-06
12549.73174 1.875484789e-05 1.898e-06
12549.73211 1.386851955e-05 2.826e-06
12549.73248 2.038510588e-05 9.04e-07
12549.73285 7.357350826e-05 2.067e-06
12549.73323 9.810324707e-05 1.829e-06
12549.73359 -4.441429155e-06 4.644e-06
12549.73396 -0.0001463201583 2.514e-06
12549.73433 -3.020012369e-05 2.039e-06
12549.73471 -0.0001949945139 1.853e-06
12549.73509 2.149612844e-05 3.572e-06
12549.73546 -3.623931311e-05 2.901e-06
12549.73582 0.000120071787 2.27e-06
12549.73619 -6.84660306e-05 1.997e-06
12549.73656 5.638365389e-05 4.028e-06
12549.73693 -0.0001067321857 3.029e-06
12549.7373 2.271567388e-05 2.81e-06
12549.73767 -8.857717946e-05 2.174e-06
12549.73804 -1.420616495e-05 2.681e-06
12549.73842 1.228179258e-05 3.331e-06
12549.73878 -0.0001292795595 3.862e-06
12549.73915 6.637361103e-06 3.726e-06
12549.73952 3.164763358e-05 8.018e-06
12549.73989 0.0001055882575 1.798e-06
12549.74026 -1.63299034e-06 3.377e-06
12549.74054 0.0001336565556 2.698e-06
12549.71786 -9.980367477e-05 6.606e-06
12549.7186 9.558649686e-06 3.073e-06
12549.71934 4.282871261e-05 1.864e-06
12549.72008 -1.55784946e-06 1.986e-06
12549.72082 8.715235893e-05 1.262e-06
12549.72157 2.235611403e-05 9.62e-07
12549.7223 -0.0001523047207 2.077e-06
12549.72305 0.0001978352596 2.21e-06
12549.72378 -4.193439028e-05 2.654e-06
12549.72452 1.151454406e-05 2.206e-06
12549.72526 4.845190892e-05 1.658e-06
12549.726 -0.0001637316237 1.898e-06
12549.72675 1.783703489e-05 1.298e-06
12549.72748 -1.027860818e-05 1.788e-06
12549.72823 -2.866478704e-05 3.927e-06
12549.72896 0.0001309820896 1.372e-06
12549.7297 5.487608496e-05 1.552e-06
12549.73045 -1.388367138e-05 2.176e-06
12549.73119 -6.321291067e-05 2.317e-06
12549.73192 1.297611654e-05 1.253e-06
12549.73266 4.303030026e-05 1.07e-06
12549.73341 4.220016445e-05 1.979e-06
12549.73415 -9.086521584e-05 1.731e-06
12549.73489 -8.934652723e-05 2.387e-06
12549.73564 3.366095421e-05 2.426e-06
12549.73637 -1.192612965e-05 1.826e-06
12549.73711 -4.538633894e-05 2.517e-06
12549.73786 -6.020969932e-05 1.775e-06
12549.7386 -6.590772655e-05 3.473e-06
12549.73934 1.131410731e-05 5.551e-06
12549.74008 4.635201693e-05 2.33e-06
12549.74054 0.0001260874567 2.698e-06
12549.71822 -4.835764573e-05 2.821e-06
12549.71971 1.682344997e-05 1.832e-06
12549.72119 5.181112608e-05 9.33e-07
12549.72268 1.885625138e-05 9.96e-07
12549.72415 -1.636094985e-05 2.02e-06
12549.72563 -5.533610313e-05 8.29e-07
12549.72712 4.481808923e-06 5.13e-07
12549.7286 5.635534441e-05 1.427e-06
12549.73007 2.185424983e-05 1.003e-06
12549.73156 -2.484103548e-05 1.313e-06
12549.73304 4.586531735e-05 1.263e-06
12549.73452 -8.591315532e-05 8.3e-07
12549.73601 1.57209576e-05 5.28e-07
12549.73748 -4.715877131e-05 1.983e-06
12549.73897 -2.302882282e-05 1.539e-06
12549.74017 6.92279781e-05 2.1e-06
12549.71897 -1.61301257e-05 1.002e-06
12549.72193 3.527081946e-05 8.06e-07
12549.72489 -3.524437137e-05 8.7e-07
12549.72786 3.066752172e-05 7.63e-07
12549.73081 1.961265211e-07 5.63e-07
12549.73378 -1.676440578e-05 8.52e-07
12549.73675 -1.352528297e-05 9.18e-07
12549.73943 1.552971813e-05 1.713e-06
12549.72045 3.996718168e-06 6.13e-07
12549.72638 -3.401342956e-06 6.02e-07
12549.7323 -5.401197079e-06 2.64e-07
12549.73796 4.805821866e-06 1.23e-06
12549.72341 0 4.82e-07
12549.73499 0 5.08e-07
