 12549.71554 -2.939753e-05     9.71e-07
 12549.71850 2.8315795e-05     8.76e-07
 12549.72146 -2.428847e-05     1.13e-06
 12549.72443  3.503864e-05     8.84e-07
 12549.72738 2.1944551e-06     6.94e-07
 12549.73035 -1.1391013e-05     1.43e-06
 12549.73332 -1.006688e-06     9.02e-07
 12549.73628  1.812446e-05    1.671e-06
 12549.73924 6.6896812e-06    1.478e-06
 12549.74130 -2.427933e-05    3.769e-06
 12549.71554 -2.8656124e-05    1.239e-06
 12549.71851 2.9117138e-05    1.196e-06
 12549.72146 -3.3574836e-05    1.117e-06
 12549.72443 2.9513047e-05     9.51e-07
 12549.72739 1.1896706e-05     8.06e-07
 12549.73035 -2.3013329e-06    1.057e-06
 12549.73332 -4.1622669e-06    1.139e-06
 12549.73628 2.2285657e-05    2.024e-06
 12549.73924 1.1437092e-05    2.528e-06
 12549.74131 -3.5555079e-05    7.078e-06
 12549.71554 -2.5724217e-05    1.458e-06
 12549.71850 2.7808258e-05    1.685e-06
 12549.72146 -2.9694543e-05     1.25e-06
 12549.72443  3.398217e-05    1.234e-06
 12549.72738 6.2226289e-06     8.02e-07
 12549.73035 -8.1361747e-06    1.418e-06
 12549.73332 -4.9083353e-06     1.66e-06
 12549.73628 1.6197776e-05     1.91e-06
 12549.73924 2.4003846e-06    2.003e-06
 12549.74130 -1.8147947e-05    3.963e-06
 12549.71554 -2.4043985e-05    1.104e-06
 12549.71850 2.8079791e-05    1.131e-06
 12549.72146 -4.0458292e-05    1.249e-06
 12549.72443 4.1664853e-05     9.74e-07
 12549.72738 8.3751575e-06     7.86e-07
 12549.73035 -9.1634638e-06    1.078e-06
 12549.73332 -8.2501248e-06    1.053e-06
 12549.73628  2.081819e-05    1.807e-06
 12549.73924 1.1719802e-05    1.542e-06
 12549.74130 -2.8741927e-05    3.403e-06
 12549.71554 -1.2624543e-05    1.164e-06
 12549.71851 3.6445879e-05     9.69e-07
 12549.72146 -4.8192948e-05    1.062e-06
 12549.72443 3.2541605e-05    1.029e-06
 12549.72739 -1.5835293e-06      7.4e-07
 12549.73035 -1.462627e-05    1.169e-06
 12549.73332 -5.1011016e-06     9.15e-07
 12549.73628 1.8188262e-05    1.838e-06
 12549.73924  1.605504e-05    1.204e-06
 12549.74131 -2.1102394e-05    3.611e-06
 12549.71554 -1.5916767e-05    1.184e-06
 12549.71850  4.110514e-05     8.36e-07
 12549.72146 -4.1300653e-05     1.07e-06
 12549.72443 2.7130488e-05    1.045e-06
 12549.72738 -6.6774051e-06    1.056e-06
 12549.73035 -1.0207186e-05    1.243e-06
 12549.73332 -2.9852573e-06    1.164e-06
 12549.73628 1.1131136e-05    1.756e-06
 12549.73924 3.5559717e-06    2.226e-06
 12549.74131 -5.8354669e-06   1.5802e-05
 12549.71554 -2.0253883e-05    1.507e-06
 12549.71850 4.0395045e-05    1.283e-06
 12549.72146 -3.0309164e-05    1.745e-06
 12549.72443  3.122582e-05    1.456e-06
 12549.72738 -5.9602965e-07    1.531e-06
 12549.73035 -2.1287231e-05    1.843e-06
 12549.73332 -1.3385641e-05    1.603e-06
 12549.73628 1.9935129e-06    2.018e-06
 12549.73924 6.6811421e-06    9.291e-06
 12549.74130 5.5364276e-06   2.5848e-05
 12549.71554 -1.7241173e-05   2.0833e-05
 12549.71850 3.3547562e-05   2.2166e-05
 12549.72146 -1.0703013e-05   2.4074e-05
 12549.72443 -9.1846406e-07   2.4879e-05
 12549.72738 -2.3606699e-05   2.4989e-05
 12549.73035 1.0042619e-05   2.3461e-05
 12549.73332 2.8548039e-05   1.8389e-05
 12549.73628 -2.0800088e-05   2.8826e-05
 12549.73924 1.1312172e-06   6.2923e-05



